Year,State,PHYSHLTH,MENTHLTH
1994,Alabama,13.255813953488373,13.930232558139535
1994,Alaska,8.027131782945736,9.430232558139535
1994,Arizona,10.468468468468469,10.387387387387387
1994,Arkansas,11.447488584474886,11.703196347031964
1994,California,9.182464454976303,9.693127962085308
1994,Colorado,9.120521172638437,10.221498371335505
1994,Connecticut,9.246376811594203,10.028985507246377
1994,Delaware,10.156441717791411,11.960122699386503
1994,Florida,10.831119544592031,12.045540796963946
1994,Georgia,11.662790697674419,11.944767441860465
1994,Idaho,8.697508896797153,9.099644128113878
1994,Illinois,12.443243243243243,13.275675675675675
1994,Indiana,10.29736211031175,11.203836930455635
1994,Iowa,10.273381294964029,10.931654676258994
1994,Kansas,7.2727272727272725,9.203208556149733
1994,Kentucky,13.432343234323433,16.194719471947195
1994,Louisiana,10.613333333333333,11.68
1994,Maine,11.00625,10.6625
1994,Maryland,10.204119850187267,10.691011235955056
1994,Massachusetts,9.31055900621118,10.537267080745341
1994,Michigan,8.99003984063745,10.302788844621514
1994,Minnesota,8.046579330422125,9.177583697234352
1994,Mississippi,10.720670391061452,13.508379888268156
1994,Missouri,11.076595744680851,11.54468085106383
1994,Montana,9.478494623655914,9.36021505376344
1994,Nebraska,8.457627118644067,10.588983050847459
1994,Nevada,9.776315789473685,11.50263157894737
1994,New Hampshire,9.587378640776699,11.330097087378642
1994,New Jersey,10.351190476190476,11.494047619047619
1994,New Mexico,9.325714285714286,9.108571428571429
1994,New York,9.355742296918768,11.736694677871148
1994,North Carolina,14.16326530612245,14.462585034013605
1994,North Dakota,8.902912621359222,9.867313915857606
1994,Ohio,10.325581395348838,10.761627906976743
1994,Oklahoma,9.621621621621621,10.616216216216216
1994,Oregon,8.489711934156379,9.707818930041153
1994,Pennsylvania,10.165853658536586,9.665040650406505
1994,South Carolina,9.397993311036789,11.632107023411372
1994,South Dakota,9.596385542168674,9.25301204819277
1994,Tennessee,10.053571428571429,10.78061224489796
1994,Texas,8.360323886639677,10.291497975708502
1994,Utah,7.73900293255132,8.457478005865102
1994,Vermont,9.221902017291066,10.170028818443804
1994,Virginia,8.325490196078432,10.176470588235293
1994,Washington,8.192893401015228,9.607445008460237
1994,West Virginia,13.025889967637541,12.915857605177994
1994,Wisconsin,10.128378378378379,9.320945945945946
1994,Wyoming,9.80327868852459,10.459016393442623
1995,Alabama,11.565836298932384,12.672597864768683
1995,Alaska,9.106122448979592,8.628571428571428
1995,Arizona,10.147766323024054,11.240549828178693
1995,Arkansas,12.403361344537815,12.319327731092438
1995,California,10.096345514950166,10.347176079734218
1995,Colorado,10.242894056847545,10.390180878552972
1995,Connecticut,7.790322580645161,10.387096774193548
1995,Delaware,11.059055118110237,12.992125984251969
1995,Florida,10.833017077798862,11.81404174573055
1995,Georgia,9.333333333333334,10.298550724637682
1995,Idaho,8.761336515513127,10.257756563245824
1995,Illinois,9.471947194719473,10.92079207920792
1995,Indiana,10.096296296296297,11.498765432098766
1995,Iowa,9.615384615384615,10.708041958041958
1995,Kansas,9.581314878892734,10.705882352941176
1995,Kentucky,17.197231833910035,19.84083044982699
1995,Louisiana,11.292490118577074,11.885375494071146
1995,Maine,9.120481927710843,10.837349397590362
1995,Maryland,10.045977011494253,10.873563218390805
1995,Massachusetts,8.804635761589404,10.612582781456954
1995,Michigan,8.276341948310138,10.182902584493041
1995,Minnesota,8.207042253521127,9.15774647887324
1995,Mississippi,13.322368421052632,14.157894736842104
1995,Missouri,8.756302521008404,10.970588235294118
1995,Montana,8.573863636363637,9.25
1995,Nebraska,9.353658536585366,11.695121951219512
1995,Nevada,9.640127388535031,11.054140127388536
1995,New Hampshire,9.497560975609757,11.004878048780487
1995,New Jersey,8.717171717171718,9.414141414141413
1995,New Mexico,10.41588785046729,9.794392523364486
1995,New York,8.925333333333333,10.650666666666666
1995,North Carolina,13.56734693877551,14.085714285714285
1995,North Dakota,8.571955719557195,10.44280442804428
1995,Ohio,9.994444444444444,10.955555555555556
1995,Oklahoma,10.529411764705882,12.209150326797385
1995,Oregon,9.436802973977695,10.29182156133829
1995,Pennsylvania,9.39619651347068,10.26782884310618
1995,Rhode Island,10.069306930693068,11.775577557755776
1995,South Carolina,9.706349206349206,11.773809523809524
1995,South Dakota,9.357933579335793,8.81549815498155
1995,Tennessee,11.655913978494624,11.401433691756273
1995,Texas,11.02721088435374,11.241496598639456
1995,Utah,9.362862010221464,9.848381601362862
1995,Vermont,9.6875,11.5175
1995,Virginia,9.346303501945526,10.46692607003891
1995,Washington,9.035058430717863,9.198664440734557
1995,West Virginia,13.43006993006993,13.79020979020979
1995,Wisconsin,9.269879518072289,9.363855421686747
1995,Wyoming,8.929447852760736,10.033742331288343
1996,Alabama,9.307486631016042,10.855614973262032
1996,Alaska,8.8008658008658,10.021645021645021
1996,Arizona,12.493827160493828,14.530864197530864
1996,Arkansas,15.14354066985646,15.411483253588516
1996,California,9.679117147707979,10.110356536502547
1996,Colorado,8.245733788395905,9.450511945392492
1996,Connecticut,8.860377358490567,10.966037735849056
1996,Delaware,11.234234234234235,12.981981981981981
1996,Florida,10.849909584086799,11.74864376130199
1996,Georgia,9.790513833992096,10.189723320158103
1996,Idaho,10.039812646370024,10.36768149882904
1996,Illinois,9.429347826086957,9.831521739130435
1996,Indiana,9.935211267605634,10.31830985915493
1996,Iowa,8.377551020408163,10.066326530612244
1996,Kansas,8.366666666666667,8.974074074074075
1996,Kentucky,16.05128205128205,20.324786324786324
1996,Louisiana,9.97991967871486,12.301204819277109
1996,Maine,11.3348623853211,13.01834862385321
1996,Maryland,8.938566552901024,10.218430034129693
1996,Massachusetts,8.25,10.66358024691358
1996,Michigan,9.32853717026379,10.201438848920864
1996,Minnesota,7.97989417989418,8.6994708994709
1996,Mississippi,12.50909090909091,13.466666666666667
1996,Missouri,11.086206896551724,11.491379310344827
1996,Montana,8.95435684647303,9.49792531120332
1996,Nebraska,8.155844155844155,9.75
1996,Nevada,9.636645962732919,10.354037267080745
1996,New Hampshire,10.075892857142858,10.223214285714286
1996,New Jersey,9.825581395348838,11.341860465116278
1996,New Mexico,10.545454545454545,12.254545454545454
1996,New York,9.09325681492109,10.680057388809182
1996,North Carolina,13.05531914893617,13.13191489361702
1996,North Dakota,10.069444444444445,10.63888888888889
1996,Ohio,11.720779220779221,11.935064935064934
1996,Oklahoma,12.485507246376812,13.572463768115941
1996,Oregon,9.45956607495069,10.201183431952662
1996,Pennsylvania,10.96579476861167,11.480885311871228
1996,Rhode Island,10.351791530944626,10.876221498371336
1996,South Carolina,11.422018348623853,13.697247706422019
1996,South Dakota,8.389162561576354,8.980295566502463
1996,Tennessee,11.165876777251185,11.919431279620854
1996,Texas,10.288617886178862,10.971544715447154
1996,Utah,8.848214285714286,10.160714285714286
1996,Vermont,10.856382978723405,10.88563829787234
1996,Virginia,9.01937984496124,10.313953488372093
1996,Washington,9.515695067264573,10.059790732436472
1996,West Virginia,12.283088235294118,12.8125
1996,Wisconsin,9.292565947242206,10.155875299760192
1996,Wyoming,9.03921568627451,9.406862745098039
1997,Alabama,11.617728531855956,11.858725761772853
1997,Alaska,8.839449541284404,10.064220183486238
1997,Arizona,13.173913043478262,14.36231884057971
1997,Arkansas,15.524096385542169,17.481927710843372
1997,California,10.143638850889193,10.930232558139535
1997,Colorado,9.083333333333334,10.46
1997,Connecticut,10.636085626911315,11.385321100917432
1997,Delaware,12.875739644970414,13.7603550295858
1997,Florida,11.768316831683169,13.172277227722772
1997,Georgia,10.286764705882353,11.566176470588236
1997,Idaho,10.08560794044665,10.913151364764268
1997,Illinois,9.906890130353817,9.39292364990689
1997,Indiana,9.806521739130435,11.236956521739131
1997,Iowa,9.580470162748643,10.014466546112116
1997,Kansas,8.350467289719626,9.392523364485982
1997,Kentucky,17.968220338983052,21.353813559322035
1997,Louisiana,10.175373134328359,11.712686567164178
1997,Maine,11.973799126637555,12.580786026200874
1997,Maryland,10.243847874720357,10.988814317673379
1997,Massachusetts,10.042402826855124,10.353356890459365
1997,Michigan,10.029339853300733,10.821515892420537
1997,Minnesota,8.158002038735983,9.160040774719674
1997,Mississippi,10.354497354497354,12.973544973544973
1997,Missouri,10.496478873239436,11.038732394366198
1997,Montana,7.842105263157895,9.7165991902834
1997,Nebraska,10.634760705289672,10.700251889168765
1997,Nevada,8.95483870967742,10.154838709677419
1997,New Hampshire,9.076595744680851,9.8
1997,New Jersey,10.21195652173913,11.0
1997,New Mexico,10.903448275862068,10.741379310344827
1997,New York,10.004166666666666,11.541666666666666
1997,North Carolina,11.088235294117647,12.42156862745098
1997,North Dakota,9.859060402684564,10.53020134228188
1997,Ohio,11.47962382445141,12.282131661442007
1997,Oklahoma,13.482758620689655,13.26896551724138
1997,Oregon,9.461279461279462,10.099326599326599
1997,Pennsylvania,10.60120240480962,11.82565130260521
1997,Rhode Island,11.116935483870968,11.391129032258064
1997,South Carolina,11.382857142857143,12.834285714285715
1997,South Dakota,8.78594249201278,9.722044728434504
1997,Tennessee,12.392785571142285,12.138276553106213
1997,Texas,9.150273224043715,10.620218579234972
1997,Utah,8.913821138211382,9.596747967479676
1997,Vermont,8.962085308056873,10.362559241706162
1997,Virginia,7.703092783505155,10.632989690721649
1997,Washington,9.183168316831683,9.534653465346535
1997,West Virginia,13.708333333333334,13.690972222222221
1997,Wisconsin,9.251968503937007,8.671916010498688
1997,Wyoming,8.830985915492958,10.174647887323944
1998,Alabama,12.418604651162791,13.457364341085272
1998,Alaska,9.091216216216216,9.614864864864865
1998,Arizona,12.955882352941176,13.264705882352942
1998,Arkansas,14.132530120481928,15.012048192771084
1998,California,9.882014388489209,9.890647482014389
1998,Colorado,8.941176470588236,9.737024221453288
1998,Connecticut,8.967667436489608,11.364896073903003
1998,Delaware,14.828,15.668
1998,Florida,12.072390572390573,13.287878787878787
1998,Georgia,10.954177897574125,11.63611859838275
1998,Idaho,9.800771208226221,10.20694087403599
1998,Illinois,7.691810344827586,9.157327586206897
1998,Indiana,9.138766519823788,9.731277533039648
1998,Iowa,8.87848932676519,9.394088669950738
1998,Kansas,9.594594594594595,11.357142857142858
1998,Kentucky,18.470588235294116,22.17401960784314
1998,Louisiana,11.039408866995075,12.339901477832512
1998,Maine,11.371040723981901,11.371040723981901
1998,Maryland,9.38664323374341,10.710017574692444
1998,Massachusetts,9.971736204576043,11.94885598923284
1998,Michigan,10.265625,11.131696428571429
1998,Minnesota,7.119842829076621,8.014734774066797
1998,Mississippi,11.269461077844312,12.820359281437126
1998,Missouri,11.318181818181818,11.701818181818181
1998,Montana,10.008264462809917,11.673553719008265
1998,Nebraska,9.997512437810945,11.156716417910447
1998,Nevada,9.765395894428153,10.258064516129032
1998,New Hampshire,9.85135135135135,10.13963963963964
1998,New Jersey,9.607784431137725,10.907185628742514
1998,New Mexico,11.188498402555911,11.15814696485623
1998,New York,10.241379310344827,11.374005305039788
1998,North Carolina,12.893203883495145,11.867313915857606
1998,North Dakota,8.670454545454545,10.253787878787879
1998,Ohio,11.101449275362318,11.772946859903382
1998,Oklahoma,10.666666666666666,12.471264367816092
1998,Oregon,9.216617210682493,10.759643916913946
1998,Pennsylvania,10.873563218390805,12.128352490421456
1998,Rhode Island,10.304347826086957,12.007905138339922
1998,South Carolina,11.108910891089108,13.193069306930694
1998,South Dakota,9.69047619047619,10.956349206349206
1998,Tennessee,11.12890625,11.943359375
1998,Texas,10.556117290192113,11.924165824064712
1998,Utah,9.315614617940199,9.750830564784053
1998,Vermont,9.484777517564403,10.587822014051522
1998,Virginia,9.028119507908611,10.267135325131811
1998,Washington,8.228934817170112,8.818759936406995
1998,West Virginia,12.838056680161943,14.299595141700404
1998,Wisconsin,8.515892420537897,8.965770171149144
1998,Wyoming,8.896805896805898,9.523341523341523
1999,Alabama,12.186732186732186,11.530712530712531
1999,Alaska,10.24702380952381,10.071428571428571
1999,Arizona,7.329113924050633,9.139240506329115
1999,Arkansas,11.245019920318725,12.129482071713147
1999,California,10.23150684931507,10.126027397260273
1999,Colorado,9.167796610169491,9.55593220338983
1999,Connecticut,9.530864197530864,10.794238683127572
1999,Delaware,9.635443037974683,10.764556962025317
1999,Florida,12.666193181818182,13.666193181818182
1999,Georgia,10.397435897435898,12.801282051282051
1999,Idaho,9.46188850967008,10.01023890784983
1999,Illinois,9.64818763326226,10.181236673773988
1999,Indiana,9.494802494802494,9.991683991683992
1999,Iowa,9.743068391866913,10.304990757855823
1999,Kansas,9.368869936034114,10.59275053304904
1999,Kentucky,17.25094696969697,19.37878787878788
1999,Louisiana,11.803493449781659,13.960698689956331
1999,Maine,13.268518518518519,12.416666666666666
1999,Maryland,9.236728837876614,11.30703012912482
1999,Massachusetts,10.314980793854033,11.154929577464788
1999,Michigan,9.92654028436019,11.450236966824644
1999,Minnesota,9.022140221402214,9.729397293972939
1999,Mississippi,11.853035143769969,13.236421725239616
1999,Missouri,10.657894736842104,10.893188854489164
1999,Montana,9.482142857142858,10.353571428571428
1999,Nebraska,10.787179487179488,11.566666666666666
1999,Nevada,9.177083333333334,9.908333333333333
1999,New Hampshire,9.158371040723981,10.53393665158371
1999,New Jersey,9.28641975308642,10.320987654320987
1999,New Mexico,11.75,11.532934131736527
1999,New York,9.017621145374449,9.700440528634362
1999,North Carolina,13.263313609467456,13.20414201183432
1999,North Dakota,9.212765957446809,9.308510638297872
1999,Ohio,10.647058823529411,10.004524886877828
1999,Oklahoma,10.156521739130435,12.12463768115942
1999,Oregon,9.961002785515321,10.910863509749303
1999,Pennsylvania,10.883629191321498,11.759368836291912
1999,Rhode Island,9.896729776247849,10.46987951807229
1999,South Carolina,11.328798185941043,12.943310657596372
1999,South Dakota,9.645901639344263,10.6327868852459
1999,Tennessee,10.1948310139165,11.337972166998012
1999,Texas,10.242753623188406,10.934782608695652
1999,Utah,9.27426810477658,9.325115562403697
1999,Vermont,9.064655172413794,10.454741379310345
1999,Virginia,8.965174129353233,10.260364842454395
1999,Washington,9.43778801843318,9.341013824884792
1999,West Virginia,15.121875,15.90625
1999,Wisconsin,9.157772621809745,9.016241299303944
1999,Wyoming,9.41081081081081,9.708108108108108
2000,Alabama,12.004962779156328,11.498759305210918
2000,Alaska,8.52199413489736,9.513196480938417
2000,Arizona,11.763157894736842,11.189473684210526
2000,Arkansas,11.696324951644101,11.785299806576402
2000,California,9.80437756497948,9.555403556771546
2000,Colorado,10.068817204301075,10.088172043010752
2000,Connecticut,9.176470588235293,10.513235294117647
2000,Delaware,10.953246753246754,12.763636363636364
2000,Florida,11.842647058823529,13.347058823529412
2000,Georgia,10.437699680511182,12.244408945686901
2000,Idaho,9.396206533192835,10.799789251844047
2000,Illinois,9.317434210526315,9.827302631578947
2000,Indiana,10.42685370741483,10.97194388777555
2000,Iowa,9.560344827586206,9.482758620689655
2000,Kansas,9.484756097560975,10.669207317073171
2000,Kentucky,17.267052023121387,18.826589595375722
2000,Louisiana,11.950653120464441,12.67198838896952
2000,Maine,11.403927068723704,12.53015427769986
2000,Maryland,9.26953125,10.287760416666666
2000,Massachusetts,9.73079365079365,10.746666666666666
2000,Michigan,9.828633405639913,11.290672451193059
2000,Minnesota,7.975143403441683,9.27342256214149
2000,Mississippi,11.988200589970502,13.421828908554572
2000,Missouri,10.495283018867925,12.29874213836478
2000,Montana,10.502747252747254,10.728021978021978
2000,Nebraska,10.335839598997493,10.68170426065163
2000,Nevada,9.118811881188119,8.490099009900991
2000,New Hampshire,9.243727598566307,10.813620071684587
2000,New Jersey,9.885271317829458,10.95968992248062
2000,New Mexico,10.560975609756097,11.233449477351916
2000,New York,9.005272407732864,9.571177504393674
2000,North Carolina,12.224824355971897,12.234192037470725
2000,North Dakota,8.905797101449275,9.48913043478261
2000,Ohio,10.289562289562289,11.260942760942761
2000,Oklahoma,12.512261580381471,12.85558583106267
2000,Oregon,10.00379746835443,10.070886075949367
2000,Pennsylvania,9.677830940988835,10.236044657097288
2000,Rhode Island,10.803571428571429,11.425324675324676
2000,South Carolina,11.430799220272904,12.385964912280702
2000,South Dakota,9.445288753799392,10.495440729483283
2000,Tennessee,11.611973392461197,12.206208425720622
2000,Texas,9.899435028248588,11.098305084745762
2000,Utah,8.8304,10.0048
2000,Vermont,9.121262458471762,10.418604651162791
2000,Virginia,7.976331360946745,10.13905325443787
2000,Washington,9.085168869309838,9.516886930983848
2000,West Virginia,15.903394255874673,15.566579634464752
2000,Wisconsin,9.695507487520798,9.805324459234608
2000,Wyoming,9.407035175879397,10.381909547738694
2001,Alabama,12.073756432246999,12.825042881646656
2001,Alaska,9.859022556390977,10.49436090225564
2001,Arizona,11.612540192926046,11.918006430868168
2001,Arkansas,12.046511627906977,12.286821705426357
2001,California,10.07561929595828,10.70013037809648
2001,Colorado,9.087078651685394,11.036516853932584
2001,Connecticut,10.245874587458745,10.948844884488448
2001,Delaware,10.422932330827068,12.37593984962406
2001,Florida,11.193215339233038,11.825958702064897
2001,Georgia,10.903047091412743,12.549861495844876
2001,Idaho,10.13013698630137,10.851598173515981
2001,Illinois,9.02373887240356,10.037091988130564
2001,Indiana,9.706128133704736,11.059888579387186
2001,Iowa,10.139622641509433,10.579245283018867
2001,Kansas,9.316890881913304,11.168908819133035
2001,Kentucky,16.831491712707184,20.223756906077348
2001,Louisiana,12.272161741835149,13.225505443234837
2001,Maine,12.384615384615385,12.407692307692308
2001,Maryland,9.784313725490197,11.694677871148459
2001,Massachusetts,10.426490066225165,11.552980132450331
2001,Michigan,10.517385257301807,10.930458970792767
2001,Minnesota,8.041610738255034,8.587919463087248
2001,Mississippi,13.189361702127659,13.451063829787234
2001,Missouri,11.118483412322275,12.153238546603475
2001,Montana,12.468446601941748,13.470873786407767
2001,Nebraska,11.295555555555556,12.328888888888889
2001,Nevada,9.227005870841488,10.360078277886497
2001,New Hampshire,9.456168831168831,10.691558441558442
2001,New Jersey,11.425357873210634,12.291411042944786
2001,New Mexico,12.082077051926298,12.127303182579565
2001,New York,10.028490028490028,10.763532763532764
2001,North Carolina,11.775962660443406,12.352392065344224
2001,North Dakota,8.251948051948052,9.197402597402597
2001,Ohio,10.155322862129145,10.74869109947644
2001,Oklahoma,13.19475138121547,14.337016574585636
2001,Oregon,10.84,11.052
2001,Pennsylvania,9.6784,11.6832
2001,Rhode Island,10.766367137355584,11.61232349165597
2001,South Carolina,11.571428571428571,12.806949806949808
2001,South Dakota,9.93607305936073,10.95738203957382
2001,Tennessee,12.28361858190709,12.65036674816626
2001,Texas,10.36986301369863,11.47418335089568
2001,Utah,9.25765306122449,9.599489795918368
2001,Vermont,10.284923928077456,11.206085753803595
2001,Virginia,9.537878787878787,10.643939393939394
2001,Washington,9.319719953325555,9.931155192532088
2001,West Virginia,14.346534653465346,14.818481848184819
2001,Wisconsin,8.760387811634349,9.401662049861496
2001,Wyoming,9.362704918032787,10.389344262295081
2002,Alaska,9.9296875,10.377604166666666
2002,California,9.814432989690722,9.776632302405499
2002,Idaho,10.405475880052151,10.967405475880053
2002,Illinois,9.76943005181347,10.678756476683938
2002,Iowa,9.119733924611973,10.764966740576497
2002,Kansas,8.361247947454844,10.886699507389162
2002,Kentucky,17.388576779026216,19.739700374531836
2002,Minnesota,8.488111888111888,9.657342657342657
2002,Missouri,12.481333333333334,13.553333333333333
2002,New Jersey,9.412903225806451,10.427956989247312
2002,New Mexico,11.040178571428571,11.65327380952381
2002,New York,9.00453172205438,10.332326283987916
2002,North Carolina,12.159912376779847,13.240963855421686
2002,Oregon,9.389863547758285,10.787524366471734
2002,Rhode Island,10.476112026359143,11.86161449752883
2002,South Carolina,10.968436154949785,12.352941176470589
2002,Texas,9.804147465437788,11.271889400921658
2002,Utah,8.812849162011172,10.087988826815643
2002,Virginia,9.496021220159152,11.0
2002,Washington,9.27304964539007,10.174940898345154
2002,Wyoming,9.773480662983426,10.959484346224677
2003,Alabama,12.909509202453988,13.480061349693251
2003,Alaska,9.501193317422434,10.050119331742243
2003,Arizona,12.144312393887946,12.280135823429541
2003,Arkansas,11.811842105263159,12.656578947368422
2003,California,10.715359828141784,11.047261009667025
2003,Colorado,9.835051546391753,10.294550810014728
2003,Connecticut,9.908196721311475,10.884153005464482
2003,Delaware,10.631818181818181,11.271212121212121
2003,Florida,14.908602150537634,13.865591397849462
2003,Georgia,11.494795836669336,12.579663730984787
2003,Idaho,10.873456790123457,10.822016460905349
2003,Illinois,9.72972972972973,10.280846063454758
2003,Indiana,11.39781746031746,12.052579365079366
2003,Iowa,9.78397212543554,10.210801393728223
2003,Kansas,10.393687707641195,10.812292358803987
2003,Kentucky,17.59170653907496,19.322169059011163
2003,Louisiana,12.901875901875902,13.578643578643579
2003,Maine,12.46135265700483,12.446859903381643
2003,Maryland,9.987903225806452,11.13978494623656
2003,Massachusetts,10.925438596491228,11.847222222222221
2003,Michigan,11.247838616714697,11.265129682997118
2003,Minnesota,8.329131652661065,9.19047619047619
2003,Mississippi,13.049479166666666,13.744791666666666
2003,Missouri,12.641288433382138,12.720351390922401
2003,Montana,11.637636080870918,11.29860031104199
2003,Nebraska,10.46962962962963,10.394074074074075
2003,Nevada,10.543672014260249,11.003565062388592
2003,New Hampshire,10.901808785529715,11.684754521963825
2003,New Jersey,10.476060935799783,11.62513601741023
2003,New Mexico,11.76130389064143,12.774973711882229
2003,New York,10.137435897435898,10.625641025641025
2003,North Carolina,13.601903251387787,14.467882632831087
2003,North Dakota,9.530892448512585,9.8558352402746
2003,Ohio,11.413432835820895,11.907462686567165
2003,Oklahoma,13.19420783645656,14.113287904599659
2003,Oregon,11.110599078341014,11.419354838709678
2003,Pennsylvania,10.5232,10.9696
2003,Rhode Island,11.224928366762178,12.088825214899714
2003,South Carolina,11.312925170068027,12.44703595724004
2003,South Dakota,10.766666666666667,11.177777777777777
2003,Tennessee,12.751861042183624,13.124069478908188
2003,Texas,10.831834532374101,11.509892086330936
2003,Utah,9.011479591836734,10.0
2003,Vermont,10.7,10.752054794520548
2003,Virginia,10.966887417218542,11.996688741721854
2003,Washington,10.989440639269406,11.069634703196346
2003,West Virginia,14.851632047477745,15.078635014836795
2003,Wisconsin,9.678431372549019,10.17908496732026
2003,Wyoming,11.043956043956044,11.131868131868131
2004,Alabama,13.737003058103976,14.27217125382263
2004,Alaska,10.3875,10.6475
2004,Arizona,11.923366834170855,11.782663316582914
2004,Arkansas,11.91523178807947,12.920529801324504
2004,California,10.141316073354908,10.501618122977346
2004,Colorado,10.710191082802547,10.63375796178344
2004,Connecticut,10.080645161290322,10.940860215053764
2004,Delaware,10.625531914893617,11.473758865248227
2004,Florida,12.769561478933792,13.100601891659501
2004,Georgia,12.233990147783251,13.36576354679803
2004,Idaho,11.123949579831933,11.165966386554622
2004,Illinois,10.014513788098693,9.62844702467344
2004,Indiana,11.236316246741964,11.696785403996525
2004,Iowa,10.170520231213873,10.589595375722544
2004,Kansas,11.26048951048951,11.259615384615385
2004,Kentucky,17.181146025878004,18.884473197781887
2004,Louisiana,12.177276390008059,13.505237711522966
2004,Maine,11.432387312186979,12.297161936560935
2004,Maryland,10.820193637621024,10.608575380359612
2004,Massachusetts,11.186693822131703,12.085539714867616
2004,Michigan,11.053610503282275,11.0054704595186
2004,Minnesota,9.394574599260173,9.812577065351418
2004,Mississippi,14.284324324324324,14.88864864864865
2004,Missouri,13.032786885245901,12.802017654476671
2004,Montana,12.035629453681711,11.368171021377671
2004,Nebraska,10.943548387096774,11.030465949820789
2004,Nevada,10.370967741935484,10.654121863799283
2004,New Hampshire,12.147286821705427,11.939276485788113
2004,New Jersey,11.760804020100503,12.029145728643217
2004,New Mexico,12.368204283360791,12.480230642504118
2004,New York,10.733760292772187,11.074107959743824
2004,North Carolina,13.652303120356612,14.737493808816245
2004,North Dakota,9.002267573696145,9.124716553287982
2004,Ohio,12.352549889135256,13.168514412416851
2004,Oklahoma,13.234972677595628,13.76775956284153
2004,Oregon,11.735922330097088,12.3873786407767
2004,Pennsylvania,11.299543378995434,11.514155251141553
2004,Rhode Island,12.069060773480663,12.8646408839779
2004,South Carolina,12.656199677938808,12.829307568438002
2004,South Dakota,11.723241590214068,12.029051987767584
2004,Tennessee,12.714759535655059,14.039800995024876
2004,Texas,11.281057268722467,11.716299559471366
2004,Utah,9.172888015717092,10.055009823182711
2004,Vermont,10.898477157360405,10.761421319796954
2004,Virginia,11.084953940634596,11.759467758444217
2004,Washington,11.348148148148148,11.654518518518518
2004,West Virginia,15.5284178187404,15.732718894009217
2004,Wisconsin,9.985832349468714,9.997638724911452
2004,Wyoming,11.057993730407523,11.268025078369906
2005,Alabama,13.846534653465346,13.597359735973598
2005,Alaska,11.205944798301486,10.62208067940552
2005,Arizona,13.121457489878543,12.167341430499325
2005,Arkansas,12.462075848303392,12.3562874251497
2005,California,10.49798549556809,10.298146655922643
2005,Colorado,10.037593984962406,10.41890440386681
2005,Connecticut,10.508813160987074,11.012925969447709
2005,Delaware,10.395634379263301,11.185538881309686
2005,Florida,12.401459854014599,13.245255474452554
2005,Georgia,12.955238095238096,13.597142857142858
2005,Idaho,11.005385996409336,10.745062836624776
2005,Illinois,9.692743764172336,10.8140589569161
2005,Indiana,10.983931947069943,11.667296786389414
2005,Iowa,10.904183535762483,11.105263157894736
2005,Kansas,11.869796279893711,12.350752878653676
2005,Kentucky,16.07301293900185,17.412199630314234
2005,Louisiana,12.518817204301076,13.873655913978494
2005,Maine,12.07539118065434,12.229018492176387
2005,Maryland,10.475852272727273,11.357244318181818
2005,Massachusetts,11.72305682560418,11.905943827563684
2005,Michigan,11.827586206896552,11.795566502463053
2005,Minnesota,8.99054820415879,9.383742911153119
2005,Mississippi,13.394736842105264,14.736842105263158
2005,Missouri,12.28099173553719,12.110537190082646
2005,Montana,12.174019607843137,11.955882352941176
2005,Nebraska,11.4352422907489,11.274008810572687
2005,Nevada,11.118564742589703,10.873634945397816
2005,New Hampshire,11.116596638655462,11.39810924369748
2005,New Jersey,11.599245638849599,11.707213578500708
2005,New Mexico,13.367588932806324,12.82411067193676
2005,New York,10.361657303370787,10.932584269662922
2005,North Carolina,12.740901898734178,13.365506329113924
2005,North Dakota,9.279359430604982,9.839857651245552
2005,Ohio,12.002846975088968,11.876156583629893
2005,Oklahoma,14.61388196176226,14.538237738985869
2005,Oregon,11.875930521091812,11.327129859387924
2005,Pennsylvania,11.63237639553429,12.003987240829346
2005,Rhode Island,12.278538812785389,12.359208523592086
2005,South Carolina,12.319236016371077,12.644611186903138
2005,South Dakota,11.419191919191919,11.414141414141413
2005,Tennessee,14.096862210095498,14.115961800818553
2005,Texas,12.573951434878587,12.501103752759382
2005,Utah,10.204608294930875,9.672811059907835
2005,Vermont,10.438344594594595,10.527871621621621
2005,Virginia,11.230679156908666,11.509367681498828
2005,Washington,11.260879792989885,11.033874382498235
2005,West Virginia,14.771388499298737,15.754558204768584
2005,Wisconsin,10.92,10.656666666666666
2005,Wyoming,11.091575091575091,10.692307692307692
2006,Alabama,13.80190174326466,13.941362916006339
2006,Alaska,11.51086956521739,10.967391304347826
2006,Arizona,12.388961892247043,12.216819973718792
2006,Arkansas,13.087272727272728,12.63
2006,California,10.757861635220126,10.65566037735849
2006,Colorado,10.619212962962964,10.407407407407407
2006,Connecticut,11.433641975308642,11.368055555555555
2006,Delaware,11.079561042524006,11.62962962962963
2006,Florida,13.075157773952954,13.138267355134825
2006,Georgia,13.014539579967689,12.923263327948304
2006,Idaho,11.283937823834197,11.796891191709845
2006,Illinois,9.861290322580645,9.718279569892474
2006,Indiana,12.028478437754272,11.54759967453214
2006,Iowa,11.49051094890511,10.725547445255474
2006,Kansas,11.389830508474576,11.88050847457627
2006,Kentucky,16.64797507788162,16.74532710280374
2006,Louisiana,12.720766129032258,14.04133064516129
2006,Maine,11.557692307692308,12.140532544378699
2006,Maryland,10.76699716713881,11.287535410764873
2006,Massachusetts,12.25891265597148,12.851158645276293
2006,Michigan,12.170558375634517,11.969543147208121
2006,Minnesota,10.61732283464567,10.656692913385827
2006,Mississippi,13.923076923076923,15.134394341290893
2006,Missouri,12.907662082514735,12.954813359528487
2006,Montana,12.010810810810812,11.633513513513513
2006,Nebraska,11.153987167736021,11.341888175985334
2006,Nevada,11.867052023121387,11.54335260115607
2006,New Hampshire,12.35244161358811,12.016985138004246
2006,New Jersey,11.889632107023411,12.114190157668418
2006,New Mexico,13.129032258064516,13.1836917562724
2006,New York,11.257171117705242,10.946587537091988
2006,North Carolina,13.588993981083405,14.184866723989682
2006,North Dakota,10.594353640416047,8.86478454680535
2006,Ohio,11.814943527367506,12.58123370981755
2006,Oklahoma,14.050513022888714,14.296764009471191
2006,Oregon,12.018844221105528,11.055276381909549
2006,Pennsylvania,12.361727896649173,12.740411788453775
2006,Rhode Island,12.336043360433605,12.426829268292684
2006,South Carolina,13.007323568575233,12.970705725699068
2006,South Dakota,11.093709884467266,11.142490372272144
2006,Tennessee,14.818318318318319,15.183183183183184
2006,Texas,12.740271493212669,12.936651583710407
2006,Utah,10.770642201834862,10.553516819571865
2006,Vermont,10.579216354344123,10.912265758091992
2006,Virginia,11.571865443425077,11.665647298674822
2006,Washington,12.101191924106057,11.404281196789102
2006,West Virginia,16.00418410041841,15.744769874476987
2006,Wisconsin,10.943127962085308,10.734597156398104
2006,Wyoming,11.266109785202865,11.146778042959427
2007,Alabama,14.62290299051787,14.61269146608315
2007,Alaska,11.513513513513514,11.157657657657658
2007,Arizona,13.310141509433961,11.837264150943396
2007,Arkansas,13.553719008264462,12.558310376492194
2007,California,11.214944649446494,10.8690036900369
2007,Colorado,10.886615044247788,11.077986725663717
2007,Connecticut,10.535714285714286,10.829545454545455
2007,Delaware,11.934971098265896,12.511560693641618
2007,Florida,14.130551181102362,14.011181102362205
2007,Georgia,12.712668082094833,12.94621372965322
2007,Idaho,11.375264270613108,11.317124735729386
2007,Illinois,10.225641025641025,9.842051282051282
2007,Indiana,13.186090225563909,12.597744360902256
2007,Iowa,11.312680115273775,11.269452449567723
2007,Kansas,11.86749116607774,11.315371024734983
2007,Kentucky,17.18018018018018,16.569205569205568
2007,Louisiana,14.38435754189944,14.631284916201118
2007,Maine,12.611443210930828,12.345858240819812
2007,Maryland,11.418360655737706,11.417049180327869
2007,Massachusetts,12.360357917570498,12.349240780911062
2007,Michigan,12.391502276176023,12.170713201820941
2007,Minnesota,10.723435225618632,10.08296943231441
2007,Mississippi,13.578757225433526,14.119942196531792
2007,Missouri,13.26440329218107,13.412551440329219
2007,Montana,12.395812562313061,11.80159521435693
2007,Nebraska,11.408617095205004,10.940931202223766
2007,Nevada,11.81578947368421,11.724310776942357
2007,New Hampshire,11.426326129666013,11.746561886051081
2007,New Jersey,12.73394495412844,12.621351125938283
2007,New Mexico,12.894736842105264,12.199122807017543
2007,New York,11.129089301503095,11.249336870026525
2007,North Carolina,14.145189003436426,14.424828178694158
2007,North Dakota,10.401197604790418,9.901197604790418
2007,Ohio,12.585853658536585,12.649756097560976
2007,Oklahoma,13.76484375,14.01640625
2007,Oregon,12.018691588785046,11.29556074766355
2007,Pennsylvania,12.586309523809524,11.90986394557823
2007,Rhode Island,12.136200716845877,12.254480286738351
2007,South Carolina,12.962570180910792,13.165315034310668
2007,South Dakota,12.076036866359447,11.324884792626728
2007,Tennessee,15.0,15.140722291407222
2007,Texas,14.092096219931271,13.523024054982818
2007,Utah,10.172866520787746,10.24945295404814
2007,Vermont,11.21448212648946,11.053162236480294
2007,Virginia,11.939896373056994,12.075647668393783
2007,Washington,11.902359108781127,11.307994757536042
2007,West Virginia,15.945083014048532,16.3639846743295
2007,Wisconsin,11.539967373572594,11.65742251223491
2007,Wyoming,11.666666666666666,11.266266266266266
2008,Alabama,14.1640866873065,14.144736842105264
2008,Alaska,10.876651982378855,11.616740088105727
2008,Arizona,13.226179018286814,12.454282964388835
2008,Arkansas,12.69103313840156,12.405458089668617
2008,California,11.27529827662395,11.499337163057888
2008,Colorado,11.710364145658263,11.140616246498599
2008,Connecticut,11.099409448818898,11.275590551181102
2008,Delaware,12.153374233128835,12.875766871165645
2008,Florida,14.68030391583869,14.203389830508474
2008,Georgia,13.175983436853002,12.933747412008282
2008,Idaho,11.565027322404372,11.310382513661203
2008,Illinois,11.267632850241545,10.520772946859903
2008,Indiana,12.793686583990981,12.888387824126267
2008,Iowa,11.247298919567827,10.984393757503002
2008,Kansas,11.815590947191954,11.853310980720872
2008,Kentucky,14.152,14.134933333333333
2008,Louisiana,12.886666666666667,13.328888888888889
2008,Maine,12.043514644351465,11.699581589958159
2008,Maryland,11.198714202220923,11.302746931618936
2008,Massachusetts,12.236141304347827,12.466304347826087
2008,Michigan,12.660975609756097,12.335365853658537
2008,Minnesota,11.078740157480315,10.261417322834646
2008,Mississippi,14.649085794655415,14.460618846694796
2008,Missouri,13.496696035242291,13.214757709251101
2008,Montana,13.051982378854625,11.98590308370044
2008,Nebraska,11.435469314079423,10.768953068592058
2008,Nevada,12.447483588621445,11.087527352297593
2008,New Hampshire,11.201382886776145,10.968020743301642
2008,New Jersey,11.849893162393162,12.708867521367521
2008,New Mexico,13.93886462882096,13.14410480349345
2008,New York,11.498554913294798,11.33742774566474
2008,North Carolina,13.381267003497863,13.364554994170229
2008,North Dakota,11.110027855153204,10.015320334261839
2008,Ohio,12.558018252933508,12.776618861364623
2008,Oklahoma,13.934924078091106,14.11641359363702
2008,Oregon,12.332036316472115,11.64461738002594
2008,Pennsylvania,13.284464806330696,12.979591836734693
2008,Rhode Island,11.309826589595376,11.241618497109826
2008,South Carolina,13.436507936507937,13.095848595848596
2008,South Dakota,11.963963963963964,11.512387387387387
2008,Tennessee,15.109638554216868,15.175903614457832
2008,Texas,13.251942286348502,12.589900110987791
2008,Utah,10.177339901477833,10.161576354679802
2008,Vermont,11.17683465959328,11.247568523430592
2008,Virginia,12.37593984962406,11.996777658431794
2008,Washington,12.09400366588112,11.525792092170725
2008,West Virginia,16.902813299232736,16.645780051150894
2008,Wisconsin,11.483600305110603,10.969488939740655
2008,Wyoming,11.65179282868526,10.804780876494023
2009,Alabama,14.454036770583533,14.947242206235012
2009,Alaska,10.527322404371585,9.789617486338798
2009,Arizona,13.61482254697286,12.463465553235908
2009,Arkansas,13.659186535764375,12.847124824684432
2009,California,12.128144421426457,11.596034329683338
2009,Colorado,11.128995433789955,11.274543378995434
2009,Connecticut,11.185149469623916,11.485053037608486
2009,Delaware,11.684593023255815,11.888081395348838
2009,Florida,14.273024523160762,14.267574931880109
2009,Georgia,13.036046511627907,12.726744186046512
2009,Idaho,12.554067971163748,12.411946446961895
2009,Illinois,11.146076794657763,10.470784641068448
2009,Indiana,13.078579743888243,12.558207217694994
2009,Iowa,11.118028534370946,11.058365758754864
2009,Kansas,12.049715370018975,11.861480075901328
2009,Kentucky,15.10357304387155,14.605608322026232
2009,Louisiana,14.065824468085106,14.60904255319149
2009,Maine,12.364206128133704,12.267409470752089
2009,Maryland,10.870167760758571,11.654996353026988
2009,Massachusetts,12.377685377685378,12.885308385308385
2009,Michigan,12.984354628422425,12.786179921773142
2009,Minnesota,10.929268292682927,10.590243902439024
2009,Mississippi,14.34989539748954,14.78347280334728
2009,Missouri,13.87923250564334,13.84762979683973
2009,Montana,12.695102685624013,11.810426540284361
2009,Nebraska,11.53957783641161,10.703605980650835
2009,Nevada,13.548435171385991,13.357675111773473
2009,New Hampshire,12.028971028971029,11.55944055944056
2009,New Jersey,12.26298875200857,12.735940010712373
2009,New Mexico,12.900313479623824,12.473354231974922
2009,New York,11.877497827975674,11.343179843614248
2009,North Carolina,13.373668925459826,13.664569215876089
2009,North Dakota,10.448,9.6656
2009,Ohio,12.664620535714286,13.006696428571429
2009,Oklahoma,14.725726435152374,14.584691708008505
2009,Oregon,13.285074626865672,11.822388059701492
2009,Pennsylvania,12.173424828446663,11.860262008733624
2009,Rhode Island,12.205267938237965,12.512261580381471
2009,South Carolina,13.83322601416613,13.872504829362525
2009,South Dakota,12.073110285006196,11.372986369268897
2009,Tennessee,16.115600448933783,16.02020202020202
2009,Texas,11.868650590046178,11.821446895844023
2009,Utah,10.77407208176439,10.375470683162991
2009,Vermont,11.30671506352087,11.296733212341199
2009,Virginia,12.933598937583001,13.49535192563081
2009,Washington,12.306628242074927,11.413544668587896
2009,West Virginia,15.161997563946407,16.203410475030452
2009,Wisconsin,12.04896907216495,11.266752577319588
2009,Wyoming,12.010319917440661,11.01547987616099
2010,Alabama,15.143162393162394,14.753561253561253
2010,Alaska,11.618296529968454,10.861198738170348
2010,Arizona,14.051808406647117,12.874877810361681
2010,Arkansas,14.494778067885118,13.759791122715404
2010,California,11.849495515695068,11.637051569506726
2010,Colorado,11.922989161437537,11.614945807187679
2010,Connecticut,10.958078602620088,11.324017467248908
2010,Delaware,13.217647058823529,13.185294117647059
2010,Florida,14.89856819894499,14.051092690278825
2010,Georgia,14.416941694169417,13.77007700770077
2010,Idaho,13.21697357886309,11.66773418734988
2010,Illinois,11.244036697247706,10.456880733944955
2010,Indiana,13.67146529562982,12.9146529562982
2010,Iowa,11.40926640926641,11.106821106821107
2010,Kansas,11.86993970714901,12.18346253229974
2010,Kentucky,15.498362445414847,14.46561135371179
2010,Louisiana,13.749789385004211,14.401853411962932
2010,Maine,12.980505415162455,12.614440433212996
2010,Maryland,11.447111777944485,12.141035258814703
2010,Massachusetts,12.554880364603115,13.273452335738702
2010,Michigan,13.172071475843811,12.023163467902052
2010,Minnesota,11.865748709122203,11.379518072289157
2010,Mississippi,15.338801711840228,15.186162624821684
2010,Missouri,14.688657407407407,13.73263888888889
2010,Montana,13.119601328903654,12.236710963455149
2010,Nebraska,11.684814972352191,11.048064653339004
2010,Nevada,13.705633802816902,12.891549295774649
2010,New Hampshire,12.580348004094166,12.42374616171955
2010,New Jersey,12.595905172413794,13.260237068965518
2010,New Mexico,14.270578647106765,14.142624286878565
2010,New York,11.905671641791045,11.648358208955225
2010,North Carolina,13.759572072072071,14.047297297297296
2010,North Dakota,12.2991452991453,10.91025641025641
2010,Ohio,13.45407872219053,13.632059326868227
2010,Oklahoma,15.025454545454545,15.163636363636364
2010,Oregon,13.594413407821229,12.366480446927374
2010,Pennsylvania,13.321572580645162,12.42086693548387
2010,Rhode Island,12.689312344656173,13.548467274233637
2010,South Carolina,14.29399585921325,13.778467908902691
2010,South Dakota,11.892223738062755,11.409276944065484
2010,Tennessee,15.89218009478673,15.14691943127962
2010,Texas,12.836306098964327,11.96288837744534
2010,Utah,10.960110803324099,10.756786703601108
2010,Vermont,11.480752780153978,11.16082121471343
2010,Virginia,13.628571428571428,13.321739130434782
2010,Washington,12.496684749849306,11.886377335744424
2010,West Virginia,15.449382716049383,15.733333333333333
2010,Wisconsin,13.101326899879373,11.949336550060314
2010,Wyoming,12.181043663471778,11.66986155484558
2011,Alabama,14.17738791423002,14.695906432748538
2011,Alaska,11.59515570934256,11.091695501730104
2011,Arizona,13.5,12.429752066115702
2011,Arkansas,14.473015873015873,13.721693121693121
2011,California,11.82317898727322,11.558624424587057
2011,Colorado,12.164039408866994,11.607881773399015
2011,Connecticut,11.143697478991596,11.30420168067227
2011,Delaware,13.146540027137043,12.563093622795115
2011,Florida,14.362173913043478,13.649565217391304
2011,Georgia,14.07356608478803,13.507481296758105
2011,Idaho,12.798932384341636,12.241103202846976
2011,Illinois,11.034180543382998,10.783523225241016
2011,Indiana,13.070186735350934,12.660656793303284
2011,Iowa,11.850267379679144,11.881283422459893
2011,Kansas,12.517891997397527,12.431034482758621
2011,Kentucky,15.45776805251641,15.060831509846826
2011,Louisiana,14.191683569979716,14.106997971602434
2011,Maine,12.84409257003654,12.260657734470158
2011,Maryland,11.665531335149863,12.638964577656676
2011,Massachusetts,12.735326086956523,13.172554347826088
2011,Michigan,12.894654903995848,12.242345614945512
2011,Minnesota,10.726333907056798,11.032271944922547
2011,Mississippi,14.450495049504951,15.422029702970297
2011,Missouri,15.578520770010131,14.670719351570416
2011,Montana,12.835951134380453,12.388016288539848
2011,Nebraska,11.070532915360502,10.982758620689655
2011,Nevada,13.905434782608696,13.481521739130434
2011,New Hampshire,12.817674418604652,12.568372093023255
2011,New Jersey,12.233652644731363,12.617242815493544
2011,New Mexico,14.35074183976261,13.694362017804155
2011,New York,11.00206896551724,11.628275862068966
2011,North Carolina,14.306737588652481,14.236997635933806
2011,North Dakota,10.162760416666666,9.79296875
2011,Ohio,13.400888395335924,13.071626873958913
2011,Oklahoma,14.931747025673138,14.807764558547277
2011,Oregon,13.804424778761062,12.58849557522124
2011,Pennsylvania,12.782287822878228,12.528136531365314
2011,Rhode Island,12.756468797564688,12.668949771689498
2011,South Carolina,14.534418604651163,14.565116279069768
2011,South Dakota,11.819085487077535,11.862823061630218
2011,Tennessee,15.689461883408072,15.483183856502242
2011,Texas,12.910138248847927,12.262672811059907
2011,Utah,11.324312714776632,11.247852233676976
2011,Vermont,11.244992295839754,11.275038520801232
2011,Virginia,12.641282565130261,12.379759519038076
2011,Washington,12.408068269976726,11.934057408844065
2011,West Virginia,16.098522167487683,15.583251231527093
2011,Wisconsin,12.62214983713355,12.098805646036917
2011,Wyoming,11.84692942254812,11.604949587534373
2012,Alabama,14.871382636655948,14.339228295819936
2012,Alaska,12.18923076923077,12.221538461538461
2012,Arizona,13.294996265870052,12.462285287528006
2012,Arkansas,15.06630336058129,13.923705722070844
2012,California,12.148943421949557,11.791751874573961
2012,Colorado,12.04982206405694,11.449415353329943
2012,Connecticut,11.398666666666667,11.842
2012,Delaware,11.111778846153847,12.370192307692308
2012,Florida,14.433551198257081,14.125635439360929
2012,Georgia,13.745694022289767,13.405268490374873
2012,Idaho,13.580976863753213,12.134532990574122
2012,Illinois,11.061187214611872,10.087671232876712
2012,Indiana,13.350198976691303,12.948834565093803
2012,Iowa,11.251755265797392,11.768304914744233
2012,Kansas,12.324240545567266,12.149411035337879
2012,Kentucky,15.006213753106877,14.757663628831814
2012,Louisiana,14.205738705738705,13.833943833943835
2012,Maine,12.235002751788663,12.381397908640617
2012,Maryland,12.1984496124031,11.904392764857882
2012,Massachusetts,12.23664314516129,13.003780241935484
2012,Michigan,13.194236926360725,12.614727854855923
2012,Minnesota,10.831351351351351,10.898378378378379
2012,Mississippi,15.48550185873606,15.524907063197025
2012,Missouri,14.96631205673759,14.415780141843971
2012,Montana,13.14550446122169,12.670555936856555
2012,Nebraska,11.909479686386314,11.23663578047042
2012,Nevada,13.083056478405316,12.723145071982282
2012,New Hampshire,12.52156862745098,12.298039215686275
2012,New Jersey,12.354440789473685,12.927220394736842
2012,New Mexico,14.206569804169298,13.842072015161087
2012,New York,11.463393626184324,11.931093884582257
2012,North Carolina,14.20822210357715,14.470368392952482
2012,North Dakota,10.663805436337626,9.082975679542203
2012,Ohio,14.137857447716602,14.024327784891165
2012,Oklahoma,14.684064022268615,14.843423799582464
2012,Oregon,13.355731225296443,12.783596837944664
2012,Pennsylvania,12.818846694796061,12.80225035161744
2012,Rhode Island,13.373795761078998,13.295761078998073
2012,South Carolina,14.12742382271468,14.25438596491228
2012,South Dakota,12.06078431372549,11.89607843137255
2012,Tennessee,16.089887640449437,16.526361279170267
2012,Texas,12.729332516840172,12.511941212492346
2012,Utah,10.872799295774648,10.841109154929578
2012,Vermont,12.26350710900474,12.633175355450238
2012,Virginia,12.506925207756233,13.144967682363804
2012,Washington,12.383813824244529,11.561653351858284
2012,West Virginia,15.78305785123967,15.389462809917354
2012,Wisconsin,11.632368703108252,11.267952840300108
2012,Wyoming,13.477857878475799,12.584963954685891
2013,Alabama,14.961977186311787,14.52851711026616
2013,Alaska,11.932982917214192,11.130091984231274
2013,Arizona,14.001282051282052,12.752564102564103
2013,Arkansas,14.24642126789366,14.122699386503067
2013,California,12.543605964753729,12.27338454586534
2013,Colorado,11.33635129017655,10.880488909008601
2013,Connecticut,11.341312741312741,12.011583011583012
2013,Delaware,13.481437125748503,13.553293413173654
2013,Florida,14.53655774830152,14.048527984471045
2013,Georgia,13.348078317621464,12.756345177664974
2013,Idaho,12.49375600384246,12.064361191162345
2013,Illinois,11.017272727272728,10.786363636363637
2013,Indiana,13.218819599109132,12.93652561247216
2013,Iowa,12.388331814038287,11.711030082041933
2013,Kansas,12.241930618401206,12.437405731523379
2013,Kentucky,14.548030101814962,14.354138999557327
2013,Louisiana,13.29064587973274,13.169265033407573
2013,Maine,12.537396121883656,12.157202216066482
2013,Maryland,11.614278631631135,11.916212196331186
2013,Massachusetts,11.970362622036262,12.473152022315203
2013,Michigan,12.441622103386809,12.211229946524064
2013,Minnesota,11.253029568589433,11.088221037324285
2013,Mississippi,15.222222222222221,15.310480693459416
2013,Missouri,14.31905961376994,14.1696053736356
2013,Montana,13.837254901960785,12.701960784313725
2013,Nebraska,11.681313993174061,11.05759385665529
2013,Nevada,12.977502812148481,12.172103487064117
2013,New Hampshire,12.330374753451677,12.790927021696252
2013,New Jersey,12.394540942928039,12.939454094292804
2013,New Mexico,14.213267203967762,13.324860508369499
2013,New York,11.256603773584906,11.544025157232705
2013,North Carolina,14.696571845368345,14.404084609773887
2013,North Dakota,11.1728280961183,9.867837338262477
2013,Ohio,14.040275049115914,13.703831041257367
2013,Oklahoma,15.532064834390416,15.594080338266386
2013,Oregon,12.661948376353038,12.532056619483763
2013,Pennsylvania,12.657211538461539,12.627403846153847
2013,Rhode Island,12.709123757904246,13.057813911472447
2013,South Carolina,13.825865002836075,13.431650595575723
2013,South Dakota,11.631979695431472,11.395939086294415
2013,Tennessee,16.266467065868262,15.79441117764471
2013,Texas,13.435700575815739,13.179782469609725
2013,Utah,10.834453781512606,10.639495798319327
2013,Vermont,11.912806539509537,11.787465940054496
2013,Virginia,12.214231063504208,12.185921958684009
2013,Washington,12.273166023166024,11.569980694980694
2013,West Virginia,15.626363636363637,16.068181818181817
2013,Wisconsin,12.002527379949452,11.428812131423758
2013,Wyoming,13.723284589426322,12.112485939257592
2014,Alabama,15.050574712643678,14.872988505747127
2014,Alaska,11.559834938101789,10.305364511691884
2014,Arizona,13.897950648264324,12.598494353826851
2014,Arkansas,14.855532786885245,13.60860655737705
2014,California,12.711600777705767,12.234607906675308
2014,Colorado,11.362447454460533,10.631013545072395
2014,Connecticut,11.131493506493506,11.328733766233766
2014,Delaware,13.778637770897832,13.873065015479876
2014,Florida,13.369606003752345,13.382739212007504
2014,Georgia,13.40905057675244,13.299911268855368
2014,Idaho,12.131774707757705,11.67375132837407
2014,Illinois,10.793634496919918,10.30800821355236
2014,Indiana,13.384761003312825,12.5929957406531
2014,Iowa,11.858325666973322,11.360625574977002
2014,Kansas,12.763783783783785,12.142702702702703
2014,Kentucky,15.506974506974506,14.377104377104377
2014,Louisiana,13.76759410801964,13.631751227495908
2014,Maine,13.142684401451028,12.435308343409915
2014,Maryland,11.83902190524707,11.753948038716251
2014,Massachusetts,12.293134762077733,13.014892844169996
2014,Michigan,12.560027758501041,12.475364330326162
2014,Minnesota,10.492307692307692,10.778205128205128
2014,Mississippi,14.405616224648986,14.921996879875195
2014,Missouri,14.827495621716288,13.458844133099825
2014,Montana,13.829052258635961,12.551815766164747
2014,Nebraska,11.727395868608195,11.277006434134778
2014,Nevada,12.860606060606061,12.24090909090909
2014,New Hampshire,13.192102454642477,13.040554962646745
2014,New Jersey,12.736418511066399,12.375251509054326
2014,New Mexico,14.161373946856772,13.61244329228775
2014,New York,11.941888619854721,12.145278450363197
2014,North Carolina,14.227657572906868,14.213546566321732
2014,North Dakota,10.94184938036225,10.261201143946616
2014,Ohio,13.691542288557214,13.316417910447761
2014,Oklahoma,14.752293577981652,14.41637261820748
2014,Oregon,12.800792864222002,11.846382556987116
2014,Pennsylvania,13.15295887662989,12.965897693079238
2014,Rhode Island,12.782407407407407,13.046296296296296
2014,South Carolina,14.07157894736842,13.873684210526315
2014,South Dakota,12.16304347826087,11.708937198067632
2014,Tennessee,15.466666666666667,15.385185185185184
2014,Texas,13.15864282439248,12.701971572673086
2014,Utah,10.261577424023155,10.680897250361795
2014,Vermont,11.486590038314176,11.758620689655173
2014,Virginia,12.649237472766885,12.843863471314451
2014,Washington,12.244103126714208,11.656609983543609
2014,West Virginia,16.350816852966467,15.708512467755805
2014,Wisconsin,12.401148482362592,12.11402789171452
2014,Wyoming,14.081264108352144,12.395033860045146
2015,Alabama,14.40222367560497,14.27141922825376
2015,Alaska,11.502164502164502,10.909090909090908
2015,Arizona,12.922038980509745,12.431784107946028
2015,Arkansas,14.56256157635468,13.741871921182266
2015,California,11.801436417405998,11.768483312209549
2015,Colorado,11.98172681589767,11.29693924166286
2015,Connecticut,11.981372549019607,11.765196078431373
2015,Delaware,13.122186495176848,13.384244372990354
2015,Florida,14.09338061465721,13.215721040189125
2015,Georgia,14.467948717948717,13.405128205128205
2015,Idaho,12.572110792741165,11.096466093600764
2015,Illinois,10.798586572438163,10.174911660777385
2015,Indiana,13.113553113553113,12.645604395604396
2015,Iowa,11.974880382775119,11.851674641148325
2015,Kansas,12.364427860696518,11.923196517412935
2015,Kentucky,14.991686460807601,14.064726840855107
2015,Louisiana,14.399325084364454,14.231721034870642
2015,Maine,12.463399879007865,12.20810647307925
2015,Maryland,12.848469387755102,12.108673469387755
2015,Massachusetts,11.982466393921683,12.823495032144944
2015,Michigan,12.45684340320592,11.968557336621455
2015,Minnesota,11.691393442622951,11.240573770491803
2015,Mississippi,15.311224489795919,15.460204081632654
2015,Missouri,14.406050955414013,14.219745222929935
2015,Montana,13.691384950926937,13.0752453653217
2015,Nebraska,11.519849561220227,11.531968240702048
2015,Nevada,12.78719723183391,12.304498269896193
2015,New Hampshire,13.271123491179202,13.300835654596101
2015,New Jersey,12.293802145411204,13.132896305125149
2015,New Mexico,14.156121610517667,13.078060805258833
2015,New York,11.88337684943429,11.885552654482158
2015,North Carolina,14.052132701421801,13.660663507109005
2015,North Dakota,10.624460431654676,10.014388489208633
2015,Ohio,13.988619495299357,13.359722909450767
2015,Oklahoma,15.388366124893071,13.934131736526947
2015,Oregon,12.553982300884956,12.216814159292035
2015,Pennsylvania,11.872586872586872,12.353281853281853
2015,Rhode Island,12.913732394366198,12.846830985915492
2015,South Carolina,14.005541561712846,14.183879093198993
2015,South Dakota,12.649888143176733,11.843400447427292
2015,Tennessee,15.756118881118882,15.159090909090908
2015,Texas,13.402783819051761,12.836450630709004
2015,Utah,10.204062788550322,10.313019390581717
2015,Vermont,12.168880455407969,11.856736242884251
2015,Virginia,11.964968152866241,13.037420382165605
2015,Washington,12.281709880868956,11.585143658023826
2015,West Virginia,15.682177348551361,15.638279192273924
2015,Wisconsin,12.477954144620812,11.905643738977073
2015,Wyoming,13.717391304347826,12.140096618357488
2016,Alabama,13.853279242731576,13.656524678837052
2016,Alaska,11.882882882882884,10.8
2016,Arizona,14.54881974248927,13.096030042918455
2016,Arkansas,15.728260869565217,14.884387351778656
2016,California,11.932568149210903,11.840746054519368
2016,Colorado,11.558231346229768,11.142123963679431
2016,Connecticut,12.146464646464647,11.654882154882156
2016,Delaware,13.32542372881356,13.886440677966101
2016,Florida,15.307560137457045,14.871134020618557
2016,Georgia,13.854819976771196,13.416957026713124
2016,Idaho,11.964285714285714,11.841269841269842
2016,Illinois,11.55591054313099,10.641107561235357
2016,Indiana,13.46123842028279,12.564602632862018
2016,Iowa,12.570063694267516,12.243099787685775
2016,Kansas,12.126253687315634,12.073156342182891
2016,Kentucky,14.68782249742002,14.43859649122807
2016,Louisiana,13.76604146100691,12.994076999012833
2016,Maine,12.455020920502092,12.444560669456067
2016,Maryland,11.920624377283294,12.124543341082697
2016,Massachusetts,11.423297262889879,11.93252705283259
2016,Michigan,13.105992844364938,12.959302325581396
2016,Minnesota,10.85125949620152,10.871651339464215
2016,Mississippi,14.901840490797547,15.249079754601228
2016,Missouri,14.586122448979593,14.32
2016,Montana,13.482758620689655,12.431590656284762
2016,Nebraska,11.814139617607825,11.349933303690529
2016,Nevada,13.396825396825397,13.251526251526252
2016,New Hampshire,13.035916824196597,12.934782608695652
2016,New Jersey,13.465056082830026,13.23986194995686
2016,New Mexico,14.690114068441064,13.835551330798479
2016,New York,12.484780519064403,12.368311438641461
2016,North Carolina,13.450999048525214,14.25023786869648
2016,North Dakota,10.98166259168704,10.08557457212714
2016,Ohio,13.750475285171103,13.397813688212928
2016,Oklahoma,15.192070484581498,14.950660792951542
2016,Oregon,11.229390681003585,11.422939068100359
2016,Pennsylvania,11.632416787264834,11.92040520984081
2016,Rhode Island,13.066115702479339,13.493801652892563
2016,South Carolina,14.666501976284586,14.13389328063241
2016,South Dakota,12.5633608815427,12.309917355371901
2016,Tennessee,14.902521008403362,15.047899159663865
2016,Texas,13.345908607863974,12.60201912858661
2016,Utah,10.483479105928085,10.693877551020408
2016,Vermont,12.509106678230703,12.539462272333044
2016,Virginia,12.068463219227969,12.337217771303715
2016,Washington,11.677566539923955,11.28212927756654
2016,West Virginia,15.66077738515901,16.048763250883393
2016,Wisconsin,11.816770186335404,11.426501035196688
2016,Wyoming,13.377535101404057,12.209048361934478
